 bucket|partition|    XXBTZUSD_price|       XXBTZUSD_dpx|   XXBTZUSD_fwdDelta|    XLTCZUSD_price|        XLTCZUSD_dpx|   XLTCZUSD_fwdDelta|     XXRPZUSD_price|        XXRPZUSD_dpx|   XXRPZUSD_fwdDelta|    XETHZUSD_price|        XETHZUSD_dpx|   XETHZUSD_fwdDelta|
 +--------+---------+------------------+-------------------+--------------------+------------------+--------------------+--------------------+-------------------+--------------------+--------------------+------------------+--------------------+--------------------+
 |24965280|     5779|2586.1136748528115|                0.0|  1.6697567151968542|          47.05013|                 0.0|  0.5617261096902055|0.27997334200164364|                 0.0|-1.34473125689538...| 356.4590158660193|                 0.0|  0.3796131554057638|
 |24965281|     5779|2585.0869660598087|-0.5133543965016543|   3.456439374922411|          47.50996| 0.22991499999999832| 0.16728429432814806| 0.2799999800321813|1.331901526879786...|-1.58892927055509...| 356.4215763192448|-0.01871977338720...|  0.4302956057088636|
 |24965282|     5779| 2589.163799493613|  2.375652691534924|-0.05704328265528602| 47.61419588965072| 0.22276725976715284| 0.06105658649558876|0.27999995107500003|8.860038725022612E-6|-1.61058013534165...| 356.2932175443387|-0.09805236552887209|  0.6689458121211942|
 |24965283|     5779|2588.0171953131926| 0.9217863833359843|  1.5592544635014747|          47.70196| 0.23289852758732366|-0.03817520150256826|   0.27999999347375| 6.67682810623349E-6|-1.60953608405178...| 357.4302451041063|  0.7792313956790622| -0.4293911822846894|
 |24965284|     5779|2588.4131532300007| 1.0541954401151088|  1.5026981001060449|47.762132818250436| 0.23445707667020343|-0.11779434205949713|   0.27999999347375| 6.67682810623349E-6|-1.60953608405178...| 357.2556690797186| 0.48372429703312037|-0.27572387957962974|
 |24965285|     5779|2593.9859999999994|  5.522535175095072|  -3.522203858060493|47.772469973227345| 0.20399519303925473| -0.1514670317561908|   0.27999999347375| 6.67682810623349E-6|-1.60953608405178...|357.50000497932126|  0.6067168305298196| -0.5161774176729068|
 |24965286|     5779|2586.1657176137905|-1.9694976095261154|   4.333812547356047| 47.77243000000001| 0.17481875983879291|-0.17801523448210332| 0.2799940073466372|5.525607947864941E-7|1.563024803403201...|357.50000624265056|  0.5200440804506457| -0.5589773823276687|
 |24965287|     5779| 2587.030419364054|-0.9666963768549977|   4.527449387464003| 47.65650480718934| 0.05153187114961355|-0.11263529011766593|0.27989998887023293|-7.78882630079191...|5.810070695230762E-4|357.13515387952486| 0.13579275265936985| -0.2090749427981109|
 |24965288|     5779|2588.0113643283707|0.01266541107725061|   4.534449373938514|          47.77224|   0.148681834631347| -0.2789315912960788|0.27989999842927055|-6.67531748316796...|8.031383955717231E-4|356.30308197261314| -0.6189148037798873|  0.6435844521274134|
 |24965289|     5779| 2587.020827073477|-0.8800846594349423|   6.251694598817721| 47.40787899052506|-0.19411125735923207|0.024378269936050856| 0.2798999999999999|-5.84076535894984E-5|0.001001633263851831|356.33371606203747| -0.5294526429200346|   0.690963209955612|
 |24965290|     5779|2586.6086299189737|-1.1748016490346345|   7.756301863108547| 47.71051472774939| 0.09865861805918286|-0.31531455570152644| 0.2798689823971075|-7.94891168728328...|0.001132674578786519|356.59323218610086| -0.2453968353241862|  0.5017134083583983|
 |24965291|     5779|2594.4733873867613|  5.929981952030175|  0.7892864859149995| 47.76940003101722|  0.0921557366890724| -0.4460639251283993| 0.2791141286824025|-7.50908548420081...|0.001892202751146...|356.60468780483353|-0.24718412012015278|  0.5499206424208296|
 |24965292|     5779| 2591.283824598303|  2.177068387345116|   4.471460615785418| 47.76940003101722|  0.0921557366890724| -0.4460639251283993|0.27957718532726994|-2.61683548684166...|0.001344959683205...|357.63478206581317|  0.6726187093532872| -0.3996910032034293|
 |24965293|     5779| 2594.330428716709|  4.753978940014804|  2.1344884227933107| 47.76940003101722|  0.0921557366890724| -0.4460639251283993| 0.2799977425225315|1.566554174057266...|9.627106953326026E-4| 356.7188137633175| -0.2820401585041168|  0.5035390562059092|
 |24965294|     5779|2591.7506124007305| 1.8347610706236992|   5.293664696508131|47.488049999999994|-0.18720247614631802|-0.23543217846117415|0.27997584555192295|1.369524904570873...|0.001096725622558...|357.20024916559714| 0.22030396545818576| 0.10542511753175177|
 |24965295|     5779| 2594.440546160162| 3.9767500182229014|   3.441838747609836| 47.48805143551291|-0.17573336298452347| -0.2870745230650016|0.28000156591766834|1.625260523235305...|0.001020742477777...|357.29837505632264| 0.31454749467428655|0.035856863758965574|
 |24965296|     5779| 2594.379074211279| 3.8795440501326084|   4.619889939709992| 47.48805045462864|-0.15628802156229682|-0.34173435514510686|   0.28342396305171|0.003273653224732498|-0.00225122975005...|357.02921926474096| 0.08819040441807147|  0.3596156559436281|
 |24965297|     5779|2597.8074421078813|  6.249573356363271|  2.3121178417427473| 47.48805045462864|-0.15628802156229682|-0.34173435514510686|   0.28342396305171|0.003273653224732498|-0.00225122975005...|  357.335557083093| 0.40947814636626845| 0.20847028539634493|
 |24965298|     5779|  2597.89781382275|  5.352000120440607|   3.259823466834405| 47.50544193633286|-0.11556100513829648| -0.4216086659470619|   0.28342396305171|0.003273653224732498|-0.00225122975005...|357.36161624767715|  0.4149498229365918| 0.24474646643568576|
 |24965299|     5779| 2596.005151998219| 2.7326303259242195|   6.198197596779664| 47.48000003774153|-0.11441472777637074|-0.46689341658684924|   0.28342396305171|0.003273653224732498|-0.00225122975005...|357.16122329239073| 0.13654402039765046| 0.46216792144838337|
 +--------+---------+------------------+-------------------+--------------------+------------------+----------------


24965280
24965281
24965282
24965283
24965284
24965285
24965286
24965287
24965288
24965289
24965290
24965291
24965292
24965293
24965294
24965295
24965296
24965297
24965298
24965299




2586.1136748528115
2585.0869660598087
 2589.163799493613
2588.0171953131926
2588.4131532300007
2593.9859999999994
2586.1657176137905
 2587.030419364054
2588.0113643283707
 2587.020827073477
2586.6086299189737
2594.4733873867613
 2591.283824598303
 2594.330428716709
2591.7506124007305
 2594.440546160162
 2594.379074211279
2597.8074421078813
  2597.89781382275
 2596.005151998219


